0 0.311250 0.329000 0.427500 0.318000
0 0.092500 0.557000 0.185000 0.294000
0 0.381250 0.647000 0.432500 0.310000
0 0.143750 0.882000 0.287500 0.236000
0 0.607500 0.478000 0.085000 0.060000
0 0.636250 0.534000 0.087500 0.064000
0 0.622500 0.560000 0.090000 0.056000
0 0.673750 0.610000 0.082500 0.064000
0 0.647500 0.649000 0.070000 0.058000
0 0.693750 0.679000 0.092500 0.066000
0 0.706250 0.750000 0.087500 0.056000
0 0.676250 0.722000 0.077500 0.052000
0 0.622500 0.448000 0.060000 0.044000
0 0.613750 0.402000 0.062500 0.040000
0 0.600000 0.362000 0.065000 0.048000
0 0.635000 0.038000 0.125000 0.076000
0 0.746250 0.068000 0.107500 0.072000
