0 0.803750 0.923000 0.327500 0.154000
0 0.727500 0.652000 0.350000 0.240000
0 0.586250 0.761000 0.292500 0.222000
0 0.533750 0.441000 0.287500 0.242000
0 0.728750 0.371000 0.102500 0.078000
0 0.765000 0.292000 0.095000 0.068000
0 0.733750 0.252000 0.092500 0.076000
0 0.761250 0.154000 0.107500 0.084000
0 0.792500 0.068000 0.120000 0.084000
0 0.582500 0.169000 0.085000 0.074000
0 0.641250 0.142000 0.097500 0.076000
0 0.593750 0.079000 0.112500 0.086000
0 0.648750 0.043000 0.112500 0.082000
0 0.585000 0.948000 0.190000 0.104000
