0 0.786000 0.963750 0.156000 0.072500
0 0.063000 0.220000 0.098000 0.115000
0 0.933000 0.310000 0.034000 0.045000
0 0.962000 0.295000 0.032000 0.035000
0 0.962000 0.240000 0.044000 0.045000
0 0.937000 0.260000 0.038000 0.050000
0 0.967000 0.191250 0.046000 0.052500
0 0.941000 0.205000 0.038000 0.050000
0 0.910000 0.096250 0.040000 0.047500
0 0.950000 0.070000 0.044000 0.045000
0 0.913000 0.055000 0.038000 0.050000
0 0.954000 0.023750 0.044000 0.047500
0 0.917000 0.010000 0.046000 0.020000
0 0.723000 0.012500 0.034000 0.025000
0 0.695000 0.022500 0.038000 0.045000
0 0.706000 0.048750 0.032000 0.032500
0 0.689000 0.081250 0.038000 0.047500
0 0.701000 0.107500 0.034000 0.040000
0 0.689000 0.142500 0.038000 0.045000
