0 0.672500 0.700000 0.100000 0.088000
0 0.623750 0.632000 0.092500 0.072000
0 0.720000 0.632000 0.105000 0.092000
0 0.633750 0.548000 0.107500 0.088000
0 0.581250 0.581000 0.052500 0.038000
0 0.595000 0.499000 0.075000 0.058000
0 0.680000 0.482000 0.070000 0.052000
0 0.701250 0.423000 0.067500 0.058000
0 0.628750 0.415000 0.072500 0.066000
0 0.326250 0.470000 0.052500 0.052000
0 0.262500 0.476000 0.060000 0.048000
0 0.337500 0.413000 0.060000 0.042000
0 0.268750 0.430000 0.057500 0.052000
0 0.906250 0.330000 0.052500 0.044000
0 0.887500 0.287000 0.060000 0.046000
0 0.540000 0.244000 0.085000 0.072000
0 0.447500 0.299000 0.050000 0.050000
0 0.462500 0.250000 0.055000 0.040000
0 0.566250 0.165000 0.092500 0.078000
0 0.708750 0.211000 0.087500 0.066000
