0 0.135000 0.708000 0.195000 0.164000
0 0.761250 0.944000 0.107500 0.084000
0 0.792500 0.858000 0.120000 0.084000
0 0.582500 0.959000 0.085000 0.074000
0 0.641250 0.932000 0.097500 0.076000
0 0.593750 0.869000 0.112500 0.086000
0 0.648750 0.833000 0.112500 0.082000
0 0.618750 0.758000 0.112500 0.088000
0 0.666250 0.692000 0.107500 0.084000
0 0.625000 0.645000 0.105000 0.078000
0 0.673750 0.597000 0.102500 0.082000
0 0.640000 0.527000 0.140000 0.082000
0 0.506250 0.398000 0.047500 0.040000
0 0.516250 0.298000 0.047500 0.040000
0 0.470000 0.263000 0.050000 0.046000
0 0.353750 0.336000 0.042500 0.036000
0 0.322500 0.331000 0.050000 0.030000
0 0.346250 0.298000 0.027500 0.020000
0 0.306250 0.290000 0.037500 0.028000
0 0.958750 0.361000 0.042500 0.026000
0 0.968750 0.318000 0.047500 0.036000
0 0.977500 0.283000 0.045000 0.034000
0 0.978750 0.229000 0.042500 0.034000
0 0.445000 0.074000 0.055000 0.040000
0 0.905000 0.227000 0.035000 0.030000
