0 0.339000 0.893750 0.138000 0.147500
0 0.468000 0.928750 0.132000 0.142500
0 0.473000 0.787500 0.130000 0.150000
0 0.319000 0.741250 0.138000 0.147500
0 0.448000 0.647500 0.128000 0.135000
0 0.301000 0.570000 0.134000 0.145000
0 0.275000 0.411250 0.126000 0.152500
0 0.423000 0.458750 0.130000 0.137500
0 0.545000 0.063750 0.094000 0.097500
0 0.450000 0.120000 0.100000 0.105000
0 0.545000 0.173750 0.098000 0.102500
0 0.499000 0.206250 0.086000 0.102500
0 0.560000 0.270000 0.088000 0.085000
0 0.491000 0.306250 0.066000 0.072500
0 0.547000 0.358750 0.086000 0.077500
