0 0.041000 0.865000 0.082000 0.140000
0 0.051000 0.738750 0.102000 0.147500
0 0.045000 0.591250 0.090000 0.147500
0 0.596000 0.551250 0.076000 0.087500
0 0.598000 0.478750 0.072000 0.072500
0 0.517000 0.410000 0.066000 0.090000
0 0.516000 0.485000 0.060000 0.065000
0 0.517000 0.562500 0.050000 0.065000
0 0.200000 0.662500 0.048000 0.070000
0 0.146000 0.631250 0.056000 0.067500
0 0.294000 0.656250 0.044000 0.057500
0 0.305000 0.600000 0.050000 0.050000
0 0.241000 0.676250 0.050000 0.057500
0 0.632000 0.807500 0.044000 0.050000
0 0.712000 0.753750 0.056000 0.062500
