0 0.364000 0.440000 0.060000 0.070000
0 0.374000 0.518750 0.052000 0.062500
0 0.391000 0.576250 0.054000 0.067500
0 0.400000 0.635000 0.052000 0.070000
0 0.410000 0.476250 0.056000 0.072500
0 0.551000 0.795000 0.050000 0.060000
0 0.572000 0.852500 0.052000 0.070000
0 0.569000 0.933750 0.066000 0.072500
0 0.578000 0.982500 0.060000 0.035000
0 0.854000 0.746250 0.112000 0.122500
0 0.826000 0.572500 0.112000 0.115000
0 0.800000 0.438750 0.092000 0.102500
0 0.989000 0.891250 0.022000 0.052500
0 0.994000 0.940000 0.012000 0.045000
0 0.307000 0.975000 0.042000 0.050000
0 0.349000 0.982500 0.046000 0.035000
0 0.166000 0.643750 0.044000 0.047500
0 0.187000 0.715000 0.046000 0.050000
0 0.208000 0.747500 0.040000 0.045000
0 0.162000 0.585000 0.048000 0.055000
