0 0.063000 0.943750 0.098000 0.112500
0 0.331000 0.477500 0.030000 0.040000
0 0.339000 0.457500 0.026000 0.035000
0 0.306000 0.431250 0.028000 0.032500
0 0.326000 0.436250 0.024000 0.037500
0 0.962000 0.965000 0.044000 0.045000
0 0.937000 0.980000 0.038000 0.040000
0 0.967000 0.916250 0.046000 0.052500
0 0.941000 0.930000 0.038000 0.050000
0 0.910000 0.821250 0.040000 0.047500
0 0.950000 0.795000 0.044000 0.045000
0 0.913000 0.780000 0.038000 0.050000
0 0.954000 0.745000 0.044000 0.055000
0 0.917000 0.713750 0.046000 0.062500
0 0.960000 0.687500 0.044000 0.050000
0 0.929000 0.662500 0.054000 0.060000
0 0.942000 0.610000 0.040000 0.055000
0 0.983000 0.592500 0.034000 0.055000
0 0.717000 0.682500 0.034000 0.045000
0 0.743000 0.677500 0.034000 0.055000
0 0.723000 0.727500 0.034000 0.045000
0 0.695000 0.747500 0.038000 0.045000
0 0.706000 0.773750 0.032000 0.032500
0 0.689000 0.806250 0.038000 0.047500
0 0.701000 0.832500 0.034000 0.040000
0 0.689000 0.867500 0.038000 0.045000
0 0.695000 0.536250 0.026000 0.032500
0 0.712000 0.523750 0.020000 0.032500
0 0.711000 0.492500 0.026000 0.030000
0 0.717000 0.458750 0.030000 0.037500
0 0.609000 0.476250 0.026000 0.032500
0 0.604000 0.452500 0.028000 0.030000
0 0.629000 0.450000 0.030000 0.035000
0 0.613000 0.402500 0.022000 0.025000
0 0.634000 0.400000 0.024000 0.035000
0 0.615000 0.375000 0.022000 0.030000
0 0.526000 0.423750 0.052000 0.062500
0 0.473000 0.388750 0.046000 0.067500
0 0.204000 0.182500 0.096000 0.110000
0 0.162000 0.127500 0.092000 0.110000
0 0.248000 0.055000 0.100000 0.105000
0 0.171000 0.030000 0.062000 0.055000
0 0.313000 0.303750 0.054000 0.057500
0 0.325000 0.231250 0.058000 0.072500
0 0.346000 0.191250 0.048000 0.062500
0 0.352000 0.131250 0.060000 0.072500
0 0.304000 0.361250 0.024000 0.027500
0 0.475000 0.208750 0.026000 0.037500
0 0.345000 0.416250 0.022000 0.032500
0 0.312000 0.405000 0.024000 0.030000
0 0.399000 0.256250 0.026000 0.027500
0 0.203000 0.361250 0.054000 0.067500
0 0.982000 0.328750 0.036000 0.052500
0 0.924000 0.428750 0.028000 0.047500
0 0.958000 0.440000 0.044000 0.050000
0 0.922000 0.485000 0.032000 0.045000
0 0.857000 0.496250 0.074000 0.072500
