0 0.937000 0.675000 0.066000 0.060000
0 0.755000 0.432500 0.066000 0.075000
0 0.825000 0.303750 0.058000 0.057500
0 0.829000 0.375000 0.054000 0.060000
0 0.759000 0.347500 0.058000 0.060000
0 0.743000 0.581250 0.050000 0.057500
0 0.805000 0.546250 0.046000 0.057500
0 0.752000 0.510000 0.060000 0.055000
0 0.825000 0.451250 0.058000 0.077500
0 0.808000 0.166250 0.056000 0.062500
0 0.045000 0.961250 0.090000 0.077500
0 0.064000 0.041250 0.112000 0.082500
0 0.231000 0.128750 0.042000 0.047500
0 0.209000 0.166250 0.042000 0.052500
0 0.214000 0.215000 0.032000 0.045000
0 0.241000 0.182500 0.042000 0.055000
0 0.249000 0.221250 0.050000 0.062500
