0 0.024000 0.812500 0.048000 0.075000
0 0.021000 0.718750 0.042000 0.077500
0 0.015000 0.620000 0.030000 0.070000
0 0.011000 0.522500 0.022000 0.070000
0 0.142000 0.411250 0.064000 0.072500
0 0.125000 0.502500 0.054000 0.070000
0 0.156000 0.551250 0.052000 0.057500
0 0.125000 0.623750 0.050000 0.062500
0 0.153000 0.685000 0.050000 0.080000
0 0.208000 0.705000 0.052000 0.065000
0 0.184000 0.625000 0.064000 0.060000
0 0.568000 0.770000 0.096000 0.145000
0 0.608000 0.830000 0.100000 0.115000
0 0.520000 0.581250 0.124000 0.152500
0 0.592000 0.450000 0.120000 0.145000
0 0.499000 0.372500 0.126000 0.165000
0 0.587000 0.241250 0.122000 0.152500
0 0.467000 0.142500 0.122000 0.175000
0 0.206000 0.117500 0.064000 0.080000
0 0.555000 0.056250 0.118000 0.107500
0 0.796000 0.826250 0.036000 0.037500
0 0.806000 0.793750 0.036000 0.037500
0 0.805000 0.728750 0.034000 0.042500
0 0.877000 0.722500 0.046000 0.055000
0 0.910000 0.661250 0.036000 0.052500
0 0.798000 0.661250 0.040000 0.052500
