0 0.545000 0.788750 0.094000 0.097500
0 0.450000 0.845000 0.100000 0.105000
0 0.545000 0.898750 0.098000 0.102500
0 0.499000 0.931250 0.086000 0.102500
0 0.560000 0.976250 0.088000 0.047500
0 0.528000 0.618750 0.052000 0.052500
0 0.531000 0.676250 0.038000 0.047500
0 0.523000 0.545000 0.030000 0.040000
0 0.595000 0.445000 0.126000 0.145000
0 0.766000 0.488750 0.084000 0.077500
0 0.758000 0.526250 0.080000 0.067500
0 0.746000 0.401250 0.084000 0.082500
0 0.736000 0.295000 0.092000 0.095000
0 0.725000 0.190000 0.086000 0.105000
0 0.705000 0.236250 0.082000 0.087500
0 0.394000 0.251250 0.100000 0.117500
0 0.192000 0.318750 0.064000 0.077500
0 0.233000 0.357500 0.050000 0.070000
0 0.076000 0.412500 0.064000 0.075000
0 0.024000 0.443750 0.044000 0.062500
0 0.087000 0.473750 0.050000 0.062500
0 0.080000 0.531250 0.048000 0.052500
0 0.036000 0.511250 0.056000 0.052500
0 0.059000 0.306250 0.070000 0.072500
0 0.143000 0.478750 0.026000 0.032500
0 0.572000 0.066250 0.168000 0.132500
