0 0.405000 0.055000 0.142000 0.105000
0 0.051000 0.052500 0.042000 0.060000
0 0.258000 0.027500 0.052000 0.050000
0 0.261000 0.087500 0.046000 0.055000
0 0.314000 0.085000 0.064000 0.075000
0 0.311000 0.026250 0.058000 0.047500
0 0.273000 0.266250 0.066000 0.062500
0 0.274000 0.327500 0.056000 0.065000
0 0.265000 0.390000 0.058000 0.060000
0 0.225000 0.296250 0.050000 0.062500
0 0.195000 0.258750 0.046000 0.057500
0 0.634000 0.391250 0.036000 0.042500
0 0.569000 0.392500 0.034000 0.050000
0 0.433000 0.168750 0.030000 0.037500
0 0.448000 0.148750 0.036000 0.037500
0 0.448000 0.111250 0.040000 0.042500
0 0.420000 0.128750 0.032000 0.042500
0 0.415000 0.163750 0.030000 0.037500
0 0.665000 0.085000 0.090000 0.100000
0 0.681000 0.023750 0.102000 0.042500
0 0.580000 0.091250 0.088000 0.107500
0 0.864000 0.108750 0.048000 0.062500
0 0.900000 0.133750 0.044000 0.052500
0 0.909000 0.081250 0.046000 0.062500
0 0.862000 0.056250 0.048000 0.047500
0 0.840000 0.136250 0.044000 0.067500
0 0.758000 0.090000 0.040000 0.050000
0 0.799000 0.102500 0.038000 0.050000
