0 0.155000 0.438750 0.062000 0.072500
0 0.163000 0.356250 0.070000 0.077500
0 0.123000 0.391250 0.058000 0.062500
0 0.127000 0.293750 0.054000 0.067500
0 0.747000 0.622500 0.106000 0.130000
0 0.780000 0.503750 0.112000 0.127500
0 0.823000 0.331250 0.102000 0.117500
0 0.712000 0.320000 0.096000 0.120000
0 0.889000 0.218750 0.098000 0.137500
0 0.944000 0.082500 0.112000 0.120000
0 0.769000 0.211250 0.114000 0.112500
0 0.807000 0.090000 0.114000 0.145000
0 0.659000 0.261250 0.042000 0.052500
0 0.665000 0.190000 0.046000 0.050000
0 0.430000 0.186250 0.036000 0.047500
0 0.448000 0.166250 0.036000 0.037500
0 0.143000 0.151250 0.074000 0.072500
0 0.083000 0.105000 0.058000 0.075000
0 0.150000 0.086250 0.072000 0.072500
0 0.069000 0.035000 0.066000 0.065000
0 0.287000 0.221250 0.058000 0.057500
0 0.281000 0.142500 0.054000 0.055000
0 0.421000 0.135000 0.030000 0.040000
0 0.443000 0.120000 0.034000 0.035000
0 0.431000 0.067500 0.038000 0.050000
0 0.414000 0.076250 0.036000 0.042500
0 0.315000 0.056250 0.042000 0.052500
0 0.277000 0.063750 0.058000 0.062500
0 0.323000 0.025000 0.042000 0.045000
0 0.252000 0.015000 0.040000 0.025000
