0 0.287500 0.990000 0.055000 0.020000
0 0.345000 0.983000 0.070000 0.034000
0 0.371250 0.928000 0.072500 0.052000
0 0.281250 0.943000 0.042500 0.038000
0 0.282500 0.886000 0.065000 0.056000
0 0.531250 0.957000 0.227500 0.086000
0 0.635000 0.175000 0.300000 0.286000
0 0.872500 0.191000 0.255000 0.238000
0 0.848750 0.789000 0.272500 0.210000
0 0.853750 0.562000 0.292500 0.236000
0 0.613750 0.713000 0.262500 0.210000
0 0.323750 0.424000 0.042500 0.048000
0 0.400000 0.354000 0.060000 0.052000
0 0.310000 0.510000 0.045000 0.036000
0 0.316250 0.570000 0.052500 0.040000
0 0.543750 0.429000 0.247500 0.150000
