0 0.221000 0.668750 0.046000 0.057500
0 0.191000 0.620000 0.054000 0.065000
0 0.224000 0.582500 0.044000 0.055000
0 0.202000 0.525000 0.056000 0.065000
0 0.240000 0.498750 0.056000 0.072500
0 0.236000 0.435000 0.056000 0.065000
0 0.232000 0.360000 0.056000 0.070000
0 0.202000 0.321250 0.040000 0.042500
0 0.227000 0.276250 0.054000 0.062500
0 0.198000 0.212500 0.036000 0.050000
0 0.223000 0.185000 0.042000 0.045000
0 0.192000 0.281250 0.032000 0.037500
0 0.082000 0.282500 0.052000 0.050000
0 0.123000 0.302500 0.046000 0.050000
0 0.080000 0.213750 0.056000 0.057500
0 0.101000 0.165000 0.058000 0.070000
0 0.139000 0.142500 0.050000 0.065000
0 0.137000 0.246250 0.046000 0.057500
