0 0.311000 0.025000 0.086000 0.045000
0 0.301000 0.101250 0.086000 0.107500
0 0.217000 0.030000 0.074000 0.055000
0 0.238000 0.173750 0.072000 0.102500
0 0.283000 0.240000 0.078000 0.090000
0 0.267000 0.312500 0.078000 0.080000
0 0.959000 0.342500 0.082000 0.285000
0 0.956000 0.667500 0.088000 0.240000
0 0.901000 0.763750 0.198000 0.267500
0 0.696000 0.612500 0.116000 0.110000
0 0.605000 0.366250 0.094000 0.117500
0 0.706000 0.433750 0.064000 0.087500
0 0.697000 0.532500 0.074000 0.095000
0 0.615000 0.473750 0.090000 0.087500
0 0.607000 0.583750 0.074000 0.092500
0 0.945000 0.047500 0.110000 0.085000
