0 0.701250 0.667000 0.117500 0.074000
0 0.648750 0.613000 0.117500 0.102000
0 0.773750 0.494000 0.102500 0.084000
0 0.782500 0.416000 0.125000 0.092000
0 0.672500 0.443000 0.135000 0.098000
0 0.661250 0.338000 0.137500 0.100000
0 0.755000 0.320000 0.110000 0.084000
0 0.021250 0.660000 0.042500 0.048000
0 0.056250 0.621000 0.072500 0.050000
0 0.103750 0.578000 0.057500 0.060000
0 0.027500 0.572000 0.055000 0.048000
0 0.062500 0.509000 0.065000 0.058000
0 0.141250 0.514000 0.072500 0.060000
0 0.095000 0.455000 0.085000 0.062000
0 0.206250 0.370000 0.047500 0.048000
0 0.142500 0.365000 0.060000 0.058000
0 0.251250 0.316000 0.052500 0.056000
0 0.185000 0.313000 0.065000 0.046000
0 0.211250 0.262000 0.057500 0.052000
0 0.278750 0.255000 0.057500 0.062000
