0 0.783000 0.825000 0.070000 0.085000
0 0.725000 0.781250 0.066000 0.082500
0 0.707000 0.706250 0.074000 0.082500
0 0.753000 0.732500 0.062000 0.075000
0 0.723000 0.641250 0.070000 0.082500
0 0.330000 0.752500 0.068000 0.070000
0 0.276000 0.612500 0.068000 0.075000
0 0.260000 0.675000 0.064000 0.075000
0 0.268000 0.756250 0.064000 0.077500
0 0.194000 0.630000 0.056000 0.060000
0 0.121000 0.613750 0.066000 0.072500
0 0.113000 0.683750 0.074000 0.072500
0 0.157000 0.740000 0.054000 0.070000
0 0.176000 0.791250 0.056000 0.077500
0 0.226000 0.755000 0.060000 0.070000
0 0.770000 0.456250 0.052000 0.072500
0 0.824000 0.398750 0.048000 0.062500
0 0.814000 0.315000 0.076000 0.095000
0 0.755000 0.386250 0.066000 0.072500
0 0.731000 0.290000 0.066000 0.085000
0 0.704000 0.213750 0.072000 0.092500
0 0.373000 0.373750 0.046000 0.077500
0 0.408000 0.326250 0.052000 0.077500
0 0.351000 0.311250 0.058000 0.072500
0 0.983000 0.573750 0.034000 0.242500
