0 0.865000 0.876250 0.202000 0.247500
0 0.754000 0.470000 0.224000 0.300000
0 0.894000 0.655000 0.092000 0.120000
0 0.923000 0.757500 0.070000 0.090000
0 0.936000 0.545000 0.084000 0.105000
0 0.959000 0.697500 0.058000 0.075000
0 0.988000 0.615000 0.024000 0.060000
0 0.992000 0.717500 0.016000 0.055000
0 0.659000 0.142500 0.202000 0.270000
0 0.312000 0.158750 0.056000 0.067500
0 0.147000 0.675000 0.066000 0.060000
0 0.035000 0.303750 0.058000 0.057500
0 0.039000 0.375000 0.054000 0.060000
0 0.019000 0.546250 0.038000 0.057500
0 0.035000 0.451250 0.058000 0.077500
0 0.023000 0.166250 0.046000 0.062500
