0 0.023000 0.921250 0.038000 0.042500
0 0.031000 0.970000 0.046000 0.055000
0 0.170000 0.930000 0.048000 0.050000
0 0.157000 0.956250 0.046000 0.047500
0 0.155000 0.986250 0.046000 0.027500
0 0.291000 0.897500 0.054000 0.065000
0 0.279000 0.962500 0.054000 0.060000
0 0.253000 0.977500 0.042000 0.045000
0 0.316000 0.720000 0.048000 0.055000
0 0.271000 0.746250 0.042000 0.047500
0 0.298000 0.821250 0.048000 0.052500
0 0.405000 0.663750 0.054000 0.057500
0 0.454000 0.688750 0.048000 0.057500
0 0.403000 0.743750 0.062000 0.072500
0 0.434000 0.772500 0.052000 0.055000
0 0.402000 0.602500 0.052000 0.050000
0 0.273000 0.685000 0.042000 0.050000
0 0.428000 0.926250 0.040000 0.042500
0 0.473000 0.945000 0.038000 0.045000
0 0.430000 0.980000 0.036000 0.040000
0 0.474000 0.990000 0.040000 0.020000
0 0.604000 0.780000 0.036000 0.035000
0 0.599000 0.822500 0.034000 0.040000
0 0.628000 0.830000 0.040000 0.045000
0 0.604000 0.877500 0.036000 0.040000
0 0.639000 0.891250 0.038000 0.042500
0 0.605000 0.920000 0.034000 0.035000
0 0.641000 0.953750 0.034000 0.037500
0 0.614000 0.976250 0.040000 0.042500
0 0.589000 0.652500 0.038000 0.045000
