0 0.977000 0.620000 0.046000 0.065000
0 0.982000 0.525000 0.036000 0.065000
0 0.986000 0.321250 0.028000 0.042500
0 0.985000 0.212500 0.030000 0.050000
0 0.982000 0.281250 0.032000 0.037500
0 0.872000 0.282500 0.052000 0.050000
0 0.913000 0.302500 0.046000 0.050000
0 0.870000 0.213750 0.056000 0.057500
0 0.891000 0.165000 0.058000 0.070000
0 0.929000 0.142500 0.050000 0.065000
0 0.927000 0.246250 0.046000 0.057500
0 0.567000 0.057500 0.090000 0.115000
0 0.655000 0.112500 0.090000 0.110000
0 0.664000 0.206250 0.084000 0.077500
0 0.558000 0.565000 0.096000 0.105000
0 0.548000 0.662500 0.068000 0.095000
0 0.485000 0.788750 0.078000 0.092500
0 0.253000 0.513750 0.046000 0.047500
0 0.245000 0.348750 0.034000 0.052500
0 0.278000 0.403750 0.052000 0.067500
0 0.251000 0.433750 0.046000 0.057500
0 0.297000 0.456250 0.058000 0.067500
0 0.078000 0.796250 0.068000 0.082500
0 0.043000 0.743750 0.058000 0.087500
