0 0.109000 0.915000 0.142000 0.170000
0 0.127000 0.740000 0.118000 0.165000
0 0.749000 0.887500 0.074000 0.095000
0 0.736000 0.798750 0.080000 0.097500
0 0.688000 0.911250 0.060000 0.077500
0 0.652000 0.835000 0.064000 0.080000
0 0.652000 0.757500 0.080000 0.070000
0 0.518000 0.598750 0.040000 0.047500
0 0.565000 0.593750 0.042000 0.057500
0 0.574000 0.548750 0.040000 0.047500
0 0.567000 0.501250 0.034000 0.042500
0 0.574000 0.453750 0.036000 0.047500
0 0.532000 0.526250 0.040000 0.047500
0 0.532000 0.475000 0.036000 0.045000
0 0.850000 0.780000 0.052000 0.065000
0 0.894000 0.763750 0.048000 0.067500
0 0.888000 0.702500 0.044000 0.055000
0 0.888000 0.647500 0.052000 0.055000
0 0.892000 0.592500 0.072000 0.060000
0 0.293000 0.053750 0.118000 0.102500
