0 0.327000 0.970000 0.150000 0.060000
0 0.162000 0.940000 0.164000 0.120000
0 0.301000 0.797500 0.178000 0.190000
0 0.116000 0.742500 0.180000 0.210000
0 0.246000 0.556250 0.172000 0.212500
0 0.226000 0.376250 0.168000 0.192500
0 0.073000 0.521250 0.142000 0.177500
0 0.059000 0.308750 0.114000 0.192500
0 0.193000 0.141250 0.174000 0.197500
0 0.640000 0.586250 0.084000 0.097500
0 0.612000 0.476250 0.084000 0.097500
0 0.568000 0.542500 0.072000 0.095000
0 0.574000 0.367500 0.088000 0.105000
0 0.534000 0.428750 0.068000 0.087500
0 0.540000 0.275000 0.080000 0.100000
0 0.505000 0.312500 0.070000 0.090000
0 0.522000 0.171250 0.100000 0.107500
0 0.469000 0.217500 0.070000 0.095000
0 0.487000 0.022500 0.070000 0.045000
0 0.431000 0.072500 0.074000 0.100000
