0 0.853000 0.943750 0.098000 0.112500
0 0.673000 0.972500 0.046000 0.055000
0 0.627000 0.966250 0.046000 0.062500
0 0.613000 0.897500 0.058000 0.070000
0 0.654000 0.866250 0.056000 0.067500
0 0.607000 0.823750 0.054000 0.072500
0 0.642000 0.796250 0.048000 0.062500
0 0.595000 0.752500 0.070000 0.080000
0 0.061000 0.990000 0.046000 0.020000
0 0.087000 0.978750 0.046000 0.042500
0 0.064000 0.932500 0.048000 0.060000
0 0.083000 0.910000 0.050000 0.065000
0 0.062000 0.868750 0.052000 0.052500
0 0.070000 0.838750 0.048000 0.047500
0 0.165000 0.821250 0.034000 0.042500
0 0.065000 0.760000 0.050000 0.055000
0 0.052000 0.793750 0.044000 0.052500
0 0.097000 0.796250 0.038000 0.057500
0 0.108000 0.742500 0.048000 0.050000
0 0.077000 0.698750 0.042000 0.062500
0 0.029000 0.730000 0.046000 0.060000
0 0.115000 0.661250 0.050000 0.052500
0 0.107000 0.575000 0.054000 0.060000
0 0.156000 0.620000 0.032000 0.035000
0 0.254000 0.610000 0.032000 0.040000
0 0.253000 0.575000 0.034000 0.035000
0 0.229000 0.598750 0.034000 0.037500
0 0.223000 0.556250 0.030000 0.037500
0 0.074000 0.608750 0.044000 0.052500
0 0.038000 0.592500 0.040000 0.045000
0 0.030000 0.568750 0.036000 0.037500
0 0.068000 0.530000 0.044000 0.050000
0 0.034000 0.522500 0.044000 0.050000
0 0.091000 0.473750 0.050000 0.062500
0 0.033000 0.471250 0.038000 0.052500
0 0.060000 0.433750 0.048000 0.052500
0 0.028000 0.416250 0.040000 0.057500
0 0.129000 0.401250 0.026000 0.032500
0 0.124000 0.438750 0.028000 0.037500
0 0.102000 0.386250 0.032000 0.042500
0 0.410000 0.555000 0.032000 0.040000
0 0.402000 0.518750 0.036000 0.047500
0 0.973000 0.182500 0.054000 0.110000
0 0.952000 0.127500 0.092000 0.110000
0 0.961000 0.030000 0.062000 0.055000
