0 0.296000 0.315000 0.160000 0.180000
0 0.393000 0.260000 0.142000 0.195000
0 0.329000 0.488750 0.162000 0.157500
0 0.363000 0.647500 0.142000 0.160000
0 0.441000 0.573750 0.142000 0.177500
0 0.405000 0.756250 0.142000 0.152500
0 0.051000 0.777500 0.042000 0.060000
0 0.257000 0.676250 0.058000 0.067500
0 0.258000 0.750000 0.052000 0.055000
0 0.261000 0.812500 0.046000 0.055000
0 0.314000 0.810000 0.064000 0.075000
0 0.311000 0.740000 0.058000 0.070000
0 0.273000 0.980000 0.066000 0.040000
0 0.195000 0.977500 0.046000 0.045000
0 0.433000 0.893750 0.030000 0.037500
0 0.448000 0.873750 0.036000 0.037500
0 0.448000 0.836250 0.040000 0.042500
0 0.420000 0.853750 0.032000 0.042500
0 0.415000 0.888750 0.030000 0.037500
0 0.665000 0.810000 0.090000 0.100000
0 0.681000 0.718750 0.102000 0.102500
0 0.639000 0.617500 0.090000 0.105000
0 0.580000 0.816250 0.088000 0.107500
0 0.864000 0.833750 0.048000 0.062500
0 0.900000 0.858750 0.044000 0.052500
0 0.909000 0.806250 0.046000 0.062500
0 0.862000 0.781250 0.048000 0.047500
0 0.840000 0.861250 0.044000 0.067500
