0 0.051250 0.582000 0.097500 0.248000
0 0.418750 0.283000 0.172500 0.142000
0 0.526250 0.227000 0.052500 0.046000
0 0.445000 0.136000 0.150000 0.132000
0 0.570000 0.183000 0.070000 0.054000
0 0.573750 0.121000 0.077500 0.058000
0 0.547500 0.062000 0.080000 0.056000
0 0.301250 0.178000 0.132500 0.120000
0 0.472500 0.024000 0.080000 0.044000
0 0.785000 0.204000 0.040000 0.028000
0 0.798750 0.180000 0.047500 0.036000
0 0.807500 0.144000 0.060000 0.044000
0 0.837500 0.062000 0.035000 0.028000
0 0.663750 0.030000 0.032500 0.028000
0 0.851250 0.035000 0.037500 0.026000
0 0.942500 0.571000 0.115000 0.290000
