0 0.902500 0.053000 0.085000 0.058000
0 0.973750 0.093000 0.052500 0.054000
0 0.910000 0.150000 0.085000 0.052000
0 0.972500 0.178000 0.055000 0.056000
0 0.947500 0.237000 0.085000 0.062000
0 0.981250 0.235000 0.037500 0.050000
0 0.960000 0.290000 0.065000 0.052000
0 0.988750 0.295000 0.022500 0.046000
0 0.656250 0.551000 0.152500 0.114000
0 0.786250 0.581000 0.137500 0.098000
0 0.726250 0.652000 0.137500 0.104000
0 0.817500 0.691000 0.150000 0.102000
0 0.085000 0.652000 0.165000 0.232000
0 0.101250 0.038000 0.127500 0.076000
0 0.217500 0.050000 0.140000 0.100000
0 0.156250 0.016000 0.107500 0.032000
0 0.207500 0.150000 0.140000 0.100000
0 0.236250 0.212000 0.132500 0.080000
0 0.207500 0.275000 0.135000 0.090000
0 0.297500 0.281000 0.100000 0.062000
0 0.421250 0.316000 0.082500 0.064000
0 0.305000 0.376000 0.095000 0.068000
0 0.426250 0.416000 0.107500 0.080000
0 0.313750 0.482000 0.092500 0.068000
0 0.432500 0.504000 0.090000 0.080000
0 0.330000 0.568000 0.115000 0.076000
0 0.441250 0.602000 0.087500 0.072000
0 0.111250 0.916000 0.217500 0.168000
