0 0.856250 0.448000 0.037500 0.040000
0 0.895000 0.436000 0.050000 0.044000
0 0.823750 0.408000 0.057500 0.044000
0 0.847500 0.371000 0.065000 0.046000
0 0.906250 0.399000 0.052500 0.046000
0 0.911250 0.351000 0.042500 0.042000
0 0.953750 0.372000 0.042500 0.048000
0 0.928750 0.303000 0.052500 0.038000
0 0.982500 0.282000 0.035000 0.044000
0 0.497500 0.385000 0.060000 0.042000
0 0.502500 0.339000 0.065000 0.050000
0 0.406250 0.257000 0.057500 0.042000
0 0.488750 0.124000 0.057500 0.048000
0 0.631250 0.104000 0.052500 0.040000
0 0.972500 0.081000 0.055000 0.042000
0 0.980000 0.031000 0.040000 0.042000
0 0.950000 0.180000 0.050000 0.044000
0 0.765000 0.287000 0.040000 0.030000
0 0.766250 0.255000 0.057500 0.030000
0 0.643750 0.032000 0.047500 0.024000
0 0.205000 0.259000 0.095000 0.070000
