0 0.023000 0.196250 0.038000 0.042500
0 0.031000 0.245000 0.046000 0.055000
0 0.025000 0.288750 0.046000 0.047500
0 0.025000 0.322500 0.038000 0.040000
0 0.170000 0.205000 0.048000 0.050000
0 0.157000 0.231250 0.046000 0.047500
0 0.155000 0.272500 0.046000 0.050000
0 0.146000 0.311250 0.040000 0.047500
0 0.147000 0.350000 0.042000 0.050000
0 0.145000 0.391250 0.050000 0.052500
0 0.143000 0.425000 0.046000 0.045000
0 0.291000 0.172500 0.054000 0.065000
0 0.279000 0.237500 0.054000 0.060000
0 0.253000 0.258750 0.042000 0.057500
0 0.269000 0.308750 0.050000 0.057500
0 0.249000 0.338750 0.046000 0.062500
0 0.285000 0.373750 0.054000 0.062500
0 0.259000 0.398750 0.046000 0.057500
0 0.277000 0.437500 0.050000 0.055000
0 0.316000 0.011250 0.048000 0.022500
0 0.271000 0.022500 0.042000 0.045000
0 0.298000 0.096250 0.048000 0.052500
0 0.403000 0.027500 0.062000 0.055000
0 0.434000 0.047500 0.052000 0.055000
0 0.428000 0.201250 0.040000 0.042500
0 0.473000 0.220000 0.038000 0.045000
0 0.430000 0.256250 0.036000 0.042500
0 0.474000 0.280000 0.040000 0.050000
0 0.477000 0.331250 0.042000 0.057500
0 0.433000 0.313750 0.042000 0.042500
0 0.435000 0.422500 0.042000 0.045000
0 0.383000 0.520000 0.046000 0.055000
0 0.437000 0.553750 0.054000 0.062500
0 0.377000 0.593750 0.046000 0.057500
0 0.421000 0.622500 0.054000 0.060000
0 0.604000 0.055000 0.036000 0.035000
0 0.599000 0.097500 0.034000 0.040000
0 0.628000 0.105000 0.040000 0.045000
0 0.604000 0.152500 0.036000 0.040000
0 0.639000 0.166250 0.038000 0.042500
0 0.605000 0.195000 0.034000 0.035000
0 0.641000 0.228750 0.034000 0.037500
0 0.614000 0.251250 0.040000 0.042500
