0 0.671000 0.441250 0.106000 0.132500
0 0.680000 0.521250 0.096000 0.107500
0 0.668000 0.628750 0.108000 0.132500
0 0.682000 0.675000 0.100000 0.105000
0 0.682000 0.792500 0.124000 0.140000
0 0.695000 0.952500 0.098000 0.095000
0 0.835000 0.961250 0.090000 0.077500
0 0.551000 0.070000 0.050000 0.060000
0 0.572000 0.127500 0.052000 0.070000
0 0.569000 0.208750 0.066000 0.072500
0 0.578000 0.267500 0.060000 0.055000
0 0.540000 0.413750 0.048000 0.052500
0 0.503000 0.446250 0.050000 0.047500
0 0.545000 0.468750 0.050000 0.057500
0 0.510000 0.506250 0.052000 0.062500
0 0.547000 0.525000 0.046000 0.065000
0 0.854000 0.041250 0.112000 0.082500
0 0.989000 0.166250 0.022000 0.052500
0 0.994000 0.215000 0.012000 0.045000
0 0.307000 0.251250 0.042000 0.052500
0 0.349000 0.266250 0.046000 0.052500
0 0.317000 0.312500 0.046000 0.050000
0 0.353000 0.330000 0.042000 0.040000
0 0.208000 0.022500 0.040000 0.045000
