0 0.154000 0.928750 0.112000 0.132500
0 0.232000 0.856250 0.100000 0.132500
0 0.189000 0.966250 0.082000 0.067500
0 0.125000 0.525000 0.058000 0.065000
0 0.139000 0.585000 0.058000 0.060000
0 0.100000 0.620000 0.052000 0.065000
0 0.081000 0.690000 0.038000 0.050000
0 0.073000 0.736250 0.038000 0.042500
0 0.115000 0.693750 0.050000 0.047500
0 0.156000 0.658750 0.040000 0.047500
0 0.184000 0.606250 0.052000 0.062500
0 0.181000 0.693750 0.050000 0.062500
0 0.461000 0.631250 0.090000 0.112500
0 0.512000 0.712500 0.088000 0.105000
0 0.467000 0.502500 0.094000 0.130000
0 0.538000 0.553750 0.088000 0.112500
0 0.555000 0.421250 0.094000 0.112500
0 0.480000 0.350000 0.092000 0.085000
0 0.410000 0.382500 0.032000 0.040000
0 0.405000 0.443750 0.034000 0.047500
0 0.411000 0.327500 0.038000 0.045000
0 0.397000 0.491250 0.026000 0.032500
0 0.692000 0.570000 0.044000 0.055000
0 0.714000 0.611250 0.040000 0.052500
0 0.684000 0.640000 0.044000 0.060000
0 0.712000 0.676250 0.044000 0.052500
0 0.489000 0.051250 0.118000 0.102500
0 0.621000 0.016250 0.066000 0.032500
0 0.757000 0.098750 0.038000 0.052500
