0 0.111000 0.618750 0.034000 0.037500
0 0.146000 0.606250 0.036000 0.037500
0 0.463000 0.740000 0.050000 0.065000
0 0.719000 0.671250 0.130000 0.147500
0 0.114000 0.577500 0.040000 0.035000
0 0.146000 0.560000 0.040000 0.055000
0 0.111000 0.541250 0.034000 0.032500
0 0.106000 0.491250 0.036000 0.042500
0 0.017000 0.467500 0.030000 0.060000
0 0.016000 0.412500 0.028000 0.060000
0 0.036000 0.361250 0.044000 0.047500
0 0.032000 0.303750 0.044000 0.052500
0 0.217000 0.542500 0.038000 0.050000
0 0.209000 0.588750 0.038000 0.057500
0 0.598000 0.521250 0.052000 0.062500
0 0.794000 0.480000 0.100000 0.120000
0 0.817000 0.367500 0.110000 0.115000
0 0.829000 0.248750 0.106000 0.127500
0 0.932000 0.546250 0.048000 0.052500
0 0.927000 0.471250 0.050000 0.057500
0 0.930000 0.403750 0.060000 0.072500
0 0.948000 0.321250 0.084000 0.117500
0 0.947000 0.188750 0.090000 0.112500
0 0.731000 0.358750 0.034000 0.037500
0 0.717000 0.301250 0.038000 0.037500
0 0.826000 0.965000 0.124000 0.070000
