0 0.023750 0.632000 0.047500 0.092000
0 0.432500 0.789000 0.090000 0.066000
0 0.390000 0.720000 0.095000 0.072000
0 0.471250 0.717000 0.082500 0.078000
0 0.501250 0.647000 0.087500 0.070000
0 0.416250 0.655000 0.077500 0.066000
0 0.465000 0.578000 0.075000 0.068000
0 0.558750 0.577000 0.092500 0.074000
0 0.503750 0.502000 0.082500 0.076000
0 0.337500 0.385000 0.045000 0.034000
0 0.181250 0.330000 0.052500 0.044000
0 0.162500 0.287000 0.060000 0.046000
0 0.302500 0.359000 0.050000 0.038000
0 0.013750 0.211000 0.027500 0.066000
