0 0.598000 0.326250 0.072000 0.097500
0 0.648000 0.362500 0.048000 0.090000
0 0.580000 0.446250 0.072000 0.087500
0 0.375000 0.352500 0.038000 0.055000
0 0.418000 0.328750 0.032000 0.042500
0 0.401000 0.371250 0.034000 0.042500
0 0.408000 0.410000 0.032000 0.040000
0 0.510000 0.472500 0.032000 0.030000
0 0.529000 0.510000 0.030000 0.035000
0 0.518000 0.431250 0.032000 0.032500
0 0.526000 0.390000 0.032000 0.035000
0 0.531000 0.338750 0.030000 0.037500
0 0.515000 0.313750 0.026000 0.032500
0 0.523000 0.283750 0.026000 0.032500
0 0.527000 0.266250 0.022000 0.027500
0 0.548000 0.253750 0.028000 0.037500
0 0.555000 0.228750 0.022000 0.027500
0 0.638000 0.168750 0.032000 0.042500
0 0.660000 0.183750 0.032000 0.037500
0 0.642000 0.216250 0.028000 0.032500
0 0.625000 0.242500 0.022000 0.030000
0 0.764000 0.282500 0.020000 0.025000
0 0.760000 0.305000 0.020000 0.025000
0 0.778000 0.296250 0.020000 0.022500
0 0.778000 0.316250 0.024000 0.027500
0 0.754000 0.446250 0.036000 0.042500
0 0.744000 0.488750 0.036000 0.042500
0 0.796000 0.438750 0.032000 0.037500
0 0.784000 0.482500 0.036000 0.045000
0 0.773000 0.528750 0.038000 0.042500
0 0.765000 0.573750 0.034000 0.042500
0 0.837000 0.431250 0.022000 0.027500
0 0.835000 0.393750 0.026000 0.027500
0 0.836000 0.361250 0.028000 0.032500
0 0.834000 0.326250 0.024000 0.027500
0 0.836000 0.295000 0.024000 0.025000
0 0.861000 0.276250 0.026000 0.027500
0 0.861000 0.308750 0.026000 0.027500
0 0.862000 0.345000 0.028000 0.030000
0 0.859000 0.380000 0.026000 0.030000
0 0.857000 0.418750 0.026000 0.032500
0 0.973000 0.221250 0.054000 0.067500
0 0.954000 0.307500 0.056000 0.080000
0 0.940000 0.381250 0.048000 0.047500
0 0.880000 0.113750 0.052000 0.052500
0 0.849000 0.146250 0.026000 0.027500
0 0.839000 0.172500 0.026000 0.030000
0 0.966000 0.431250 0.024000 0.037500
0 0.947000 0.470000 0.022000 0.035000
0 0.940000 0.498750 0.016000 0.027500
0 0.939000 0.531250 0.022000 0.027500
0 0.968000 0.502500 0.032000 0.035000
0 0.982000 0.470000 0.032000 0.035000
0 0.989000 0.436250 0.022000 0.042500
0 0.958000 0.573750 0.032000 0.037500
0 0.949000 0.622500 0.030000 0.030000
0 0.937000 0.676250 0.030000 0.037500
